0.0787 0.1289 1.0000 0.3431 0.0506 0.0000 0.0000 0.0000 0.0000 0.0000 0.0000 0.0000 0.0000 0.0000 0.0000 0.0000 0.0000 0.0000 0.0000 0.0172 151.6641 13.6748 5.3852 3.6056 1.0000 0.0000 0.0000 0.0000 0.0000 0.0000 0.0000 0.0000 0.0000 0.0000 0.0000 0.0000 0.0000 0.0000 0.0000 1.0000 1.0000 1.0000 1.0000 2.8284 2.4495 0 0 1 0 0 0 0 
0.1036 0.2574 1.0000 0.0000 0.0000 0.0000 0.0000 0.0000 0.0000 0.0000 0.0000 0.0000 0.0000 0.0000 0.0000 0.0000 0.0000 0.0000 0.0000 0.0069 149.2247 13.5277 2.0000 0.0000 0.0000 0.0000 0.0000 0.0000 0.0000 0.0000 0.0000 0.0000 0.0000 0.0000 0.0000 0.0000 0.0000 0.0000 0.0000 0.0000 0.0000 0.0000 0.0000 0.0000 1.7321 0 0 1 0 0 0 0 
0.0252 0.0870 0.3008 0.2666 0.6377 1.0000 0.6802 0.6055 0.4667 0.2096 0.0700 0.0492 0.0547 0.0472 0.0504 0.0458 0.0552 0.0485 0.0239 0.0113 175.4166 83.7795 46.6476 30.0333 21.7256 15.5563 13.2288 11.0454 8.9443 9.5394 6.9282 6.7082 5.8310 6.0828 5.4772 5.3852 3.1623 2.6458 2.6458 2.0000 1.7321 1.7321 1.4142 1.4142 1.0000 0 0 0 1 0 0 0 
0.0320 0.0728 0.1152 0.1727 0.2103 0.2541 0.4374 0.8142 1.0000 0.5635 0.2487 0.1619 0.1274 0.1126 0.0993 0.0770 0.0637 0.0277 0.0113 0.0113 164.5813 144.8551 73.3553 41.7133 29.4109 22.7596 17.4642 15.0000 11.5758 10.6771 8.3666 7.0711 6.0000 6.0000 6.1644 6.7082 5.5678 5.5678 5.2915 5.6569 5.5678 4.1231 3.0000 2.2361 2.4495 0 0 0 1 0 0 0 
0.0320 0.0728 0.1152 0.1727 0.2103 0.2541 0.4374 0.8142 1.0000 0.5635 0.2487 0.1619 0.1274 0.1126 0.0993 0.0770 0.0637 0.0277 0.0113 0.0113 164.5813 144.8551 73.3553 41.7133 29.4109 22.7596 17.4642 15.0000 11.5758 10.6771 8.3666 7.0711 6.0000 6.0000 6.1644 6.7082 5.5678 5.5678 5.2915 5.6569 5.5678 4.1231 3.0000 2.2361 2.4495 0 0 0 1 0 0 0 
0.0135 0.0096 0.0287 0.0550 0.0918 0.1677 0.3316 0.8721 1.0000 0.6691 0.6706 0.8520 0.6775 0.3121 0.1495 0.1061 0.0840 0.0515 0.0345 0.0096 147.5771 112.5167 72.9932 48.4355 34.5832 25.6125 19.8242 16.9706 12.0830 11.2694 9.2736 7.3485 6.3246 4.1231 3.7417 3.7417 2.8284 2.0000 1.4142 2.0000 1.0000 1.7321 0.0000 0.0000 1.4142 0 0 0 1 0 0 0 
0.0876 0.1821 0.2738 0.2107 0.2879 0.7439 1.0000 0.8945 0.8225 0.5177 0.2250 0.0611 0.0404 0.0545 0.0604 0.0587 0.0836 0.0678 0.0518 0.0310 121.5854 113.0796 76.2299 48.6929 31.2890 19.3649 12.0000 9.4340 7.8102 6.6332 6.3246 7.0711 7.8102 7.0711 7.1414 6.2450 5.0000 2.4495 2.2361 3.0000 2.0000 1.4142 2.0000 1.0000 1.4142 0 0 0 1 0 0 0 
0.1134 0.2278 0.3077 0.6023 0.8215 0.9566 1.0000 0.8613 0.7113 0.5847 0.1881 0.0745 0.0436 0.0363 0.0242 0.0242 0.0209 0.0000 0.0121 0.0171 124.8279 104.1585 62.1450 33.5708 20.5183 13.0767 10.0000 8.5440 8.3666 8.2462 8.0000 6.4031 4.0000 3.7417 3.0000 1.7321 2.2361 2.2361 0.0000 0.0000 1.4142 1.0000 1.4142 0.0000 1.0000 0 0 0 1 0 0 0 
0.3184 0.2857 0.3785 1.0000 0.8321 0.3570 0.0484 0.0424 0.0438 0.0484 0.0569 0.0531 0.0930 0.2330 0.2789 0.2704 0.1250 0.0743 0.0380 0.0347 193.6466 36.3456 16.0624 11.7047 9.6437 13.0767 9.2195 6.0000 5.7446 4.2426 5.5678 4.3589 5.8310 6.8557 6.3246 5.1962 4.0000 3.8730 2.0000 3.6056 4.0000 3.4641 2.6458 1.7321 1.4142 0 0 0 1 0 0 0 
0.1260 0.3279 1.0000 0.7599 0.4653 0.0860 0.0811 0.0929 0.0978 0.1495 0.2189 0.2158 0.1688 0.1398 0.1264 0.1125 0.1063 0.0706 0.0393 0.0176 192.1015 51.3907 31.6386 22.2935 16.5831 11.2250 8.8318 7.4162 7.8102 9.1652 8.3666 7.3485 6.9282 6.4807 4.5826 4.2426 3.0000 3.4641 4.5826 2.8284 1.7321 2.0000 2.2361 1.4142 1.4142 0 0 0 1 0 0 0 
0.1090 0.1384 0.5583 1.0000 0.7190 0.6031 0.0755 0.0308 0.0273 0.0387 0.0451 0.0404 0.0444 0.0369 0.0521 0.0436 0.0508 0.0649 0.0508 0.0218 176.5248 37.6696 16.9115 12.2474 7.2111 5.5678 4.8990 3.8730 2.8284 2.2361 2.8284 2.6458 2.4495 2.0000 1.7321 1.4142 0.0000 2.0000 1.4142 1.4142 1.0000 0.0000 0.0000 0.0000 1.4142 0 0 0 1 0 0 0 
0.0212 0.0212 0.0274 0.1010 0.1540 0.2252 0.3477 0.3919 0.3644 0.4355 0.4648 0.5498 0.7143 0.8608 1.0000 0.9199 0.5805 0.2878 0.0561 0.0274 144.3641 87.8408 41.9881 21.5174 14.5945 10.3441 7.8740 5.8310 4.6904 3.0000 3.3166 3.3166 4.4721 4.3589 4.0000 5.9161 6.7082 5.0990 4.5826 3.1623 3.1623 3.7417 2.4495 1.0000 2.2361 0 0 0 1 0 0 0 
0.0746 0.1489 0.1342 0.1978 0.8976 1.0000 0.9408 0.2309 0.0401 0.0665 0.0754 0.0951 0.1649 0.1695 0.0665 0.0271 0.0164 0.0142 0.0000 0.0082 202.6573 36.8375 17.9722 11.1803 8.1854 9.4868 7.6811 7.2111 8.0000 6.5574 6.4807 2.4495 3.1623 5.8310 6.1644 6.2450 3.7417 4.2426 3.1623 2.2361 2.8284 1.4142 0.0000 0.0000 1.4142 0 0 0 1 0 0 0 
0.3316 1.0000 0.1548 0.0812 0.0333 0.0232 0.0225 0.0058 0.0307 0.0000 0.0183 0.0058 0.0000 0.0082 0.0000 0.0000 0.0082 0.0000 0.0082 0.1375 183.0219 14.5258 12.1655 6.3246 6.4807 5.1962 4.0000 6.2450 3.7417 5.4772 4.4721 4.2426 2.2361 0.0000 1.4142 1.4142 1.7321 0.0000 2.2361 1.0000 0.0000 2.0000 5.8310 6.1644 19.1050 0 0 0 1 0 0 0 
0.0583 1.0000 0.2355 0.0723 0.1102 0.4825 0.2461 0.0781 0.0262 0.0099 0.0081 0.0000 0.0000 0.0000 0.0000 0.0000 0.0000 0.0000 0.0000 0.0081 200.6564 37.4700 16.4317 10.2956 7.0711 6.4807 3.1623 2.2361 1.7321 1.0000 0.0000 0.0000 0.0000 0.0000 0.0000 0.0000 0.0000 0.0000 0.0000 0.0000 0.0000 0.0000 0.0000 1.4142 2.0000 0 0 0 1 0 0 0 
0.2265 0.2933 0.5777 1.0000 0.8036 0.5510 0.3118 0.2059 0.1260 0.0897 0.0882 0.1047 0.0958 0.0652 0.1021 0.1198 0.1700 0.3575 0.0851 0.0115 181.0552 76.7203 42.2374 25.8844 16.6733 12.7279 9.9499 8.4853 8.0623 6.7082 7.3485 7.1414 5.3852 6.0000 5.5678 4.0000 4.6904 4.2426 3.0000 3.0000 2.6458 6.4807 5.7446 2.6458 1.4142 0 0 0 1 0 0 0 
0.1640 0.3830 0.6778 0.9428 0.9329 1.0000 0.8380 0.1828 0.0990 0.1198 0.1580 0.2507 0.2279 0.2233 0.2472 0.2382 0.2997 0.2895 0.0687 0.0252 219.7157 33.4664 20.5670 16.0000 10.0000 8.3666 8.7178 7.3485 7.2801 8.1854 3.8730 6.0000 5.5678 7.8102 7.4162 6.0000 8.0000 8.0623 8.3666 8.1240 5.9161 4.7958 3.1623 3.1623 2.4495 0 0 0 1 0 0 0 
0.0433 0.0654 1.0000 0.2225 0.0382 0.0228 0.0102 0.0072 0.0298 0.0260 0.0354 0.0331 0.0368 0.0433 0.0354 0.0339 0.0306 0.0162 0.0191 0.0191 140.5738 11.1803 6.8557 7.1414 3.6056 2.0000 2.0000 2.4495 4.1231 3.7417 3.6056 3.7417 4.4721 5.0990 5.8310 8.6023 7.7460 7.4833 6.1644 5.0990 5.5678 4.2426 3.8730 4.1231 2.4495 0 0 1 0 0 0 0 
0.2880 0.1145 0.0267 0.2074 0.2105 0.2328 0.1451 0.0205 0.0000 0.0000 0.0000 0.0000 0.0000 0.0000 0.0437 0.0908 0.1460 0.1429 0.2825 1.0000 195.2204 33.1964 13.9284 6.7823 5.0990 7.4833 2.6458 0.0000 0.0000 0.0000 0.0000 0.0000 5.2915 9.0554 10.3441 4.6904 6.7823 6.1644 2.8284 6.7082 13.3791 0.0000 1.4142 12.7671 53.0094 0 0 0 0 0 0 1 
1.0000 0.3343 0.1085 0.3738 0.1785 0.0000 0.0000 0.0000 0.0000 0.0000 0.0000 0.0000 0.0000 0.0000 0.0000 0.0000 0.0000 0.0000 0.0000 0.6930 145.2377 16.7033 9.7468 4.6904 7.4833 1.4142 0.0000 0.0000 0.0000 0.0000 0.0000 0.0000 0.0000 0.0000 0.0000 0.0000 0.0000 0.0000 0.0000 4.5826 9.1652 4.5826 1.7321 2.4495 47.7807 0 0 0 0 0 0 1 
1.0000 0.2018 0.2020 0.0900 0.0000 0.0000 0.0000 0.0000 0.0000 0.0000 0.0000 0.0000 0.0000 0.0000 0.0000 0.0000 0.0000 0.0000 0.0051 0.2909 202.5068 21.7715 9.7468 3.3166 0.0000 0.0000 0.0000 0.0000 0.0000 0.0000 0.0000 0.0000 0.0000 0.0000 0.0000 0.0000 0.0000 0.0000 0.0000 8.1854 9.1104 8.8882 5.9161 7.2111 56.4535 0 0 0 0 0 0 1 
1.0000 0.1347 0.0407 0.0924 0.3907 0.3739 0.0091 0.0000 0.0000 0.0000 0.0000 0.0000 0.0000 0.0000 0.0000 0.0000 0.0000 0.0000 0.0000 0.9555 137.7824 16.1864 8.1240 3.8730 9.2195 12.2066 4.0000 0.0000 0.0000 0.0000 0.0000 0.0000 0.0000 0.0000 0.0000 0.0000 0.0000 0.0000 1.4142 1.4142 1.7321 1.4142 3.0000 4.5826 85.6680 0 0 0 0 0 0 1 
0.8488 0.1567 0.0470 0.0117 0.0000 0.0000 0.0000 0.0000 0.0000 0.0000 0.0000 0.0000 0.0000 0.0000 0.0000 0.0000 0.0000 0.0000 0.0053 1.0000 238.9644 12.2882 2.8284 1.0000 0.0000 0.0000 0.0000 0.0000 0.0000 0.0000 0.0000 0.0000 0.0000 0.0000 0.0000 0.0000 0.0000 0.0000 0.0000 0.0000 0.0000 0.0000 1.0000 3.3166 77.7303 0 0 0 0 0 0 1 
1.0000 0.6160 0.2010 0.0486 0.0062 0.0000 0.0000 0.0000 0.0000 0.0000 0.0000 0.0000 0.0000 0.0062 0.0000 0.0206 0.0271 0.0368 0.0797 0.4863 199.2059 21.0476 9.4340 6.9282 3.6056 1.0000 1.4142 0.0000 0.0000 0.0000 0.0000 0.0000 0.0000 0.0000 0.0000 0.0000 0.0000 0.0000 0.0000 1.0000 3.3166 3.7417 6.5574 16.6733 48.9490 0 0 0 0 0 0 1 
0.6804 1.0000 0.5875 0.0943 0.1461 0.0209 0.0079 0.0112 0.0194 0.0000 0.0112 0.0000 0.0326 0.2157 0.1326 0.1639 0.1935 0.1540 0.2349 0.5998 186.2284 35.5246 13.5647 7.6158 7.0000 8.8882 6.7082 3.6056 2.2361 1.4142 2.0000 1.7321 0.0000 2.6458 4.0000 8.7750 8.0000 6.8557 11.9164 8.3666 6.3246 6.0000 8.6023 15.3623 35.4683 0 0 0 0 0 0 1 
0.6804 1.0000 0.5875 0.0943 0.1461 0.0209 0.0079 0.0112 0.0194 0.0000 0.0112 0.0000 0.0326 0.2157 0.1326 0.1639 0.1935 0.1540 0.2349 0.5998 186.2284 35.5246 13.5647 7.6158 7.0000 8.8882 6.7082 3.6056 2.2361 1.4142 2.0000 1.7321 0.0000 2.6458 4.0000 8.7750 8.0000 6.8557 11.9164 8.3666 6.3246 6.0000 8.6023 15.3623 35.4683 0 0 0 0 0 0 1 
0.6804 1.0000 0.5875 0.0943 0.1461 0.0209 0.0079 0.0112 0.0194 0.0000 0.0112 0.0000 0.0326 0.2157 0.1326 0.1639 0.1935 0.1540 0.2349 0.5998 186.2284 35.5246 13.5647 7.6158 7.0000 8.8882 6.7082 3.6056 2.2361 1.4142 2.0000 1.7321 0.0000 2.6458 4.0000 8.7750 8.0000 6.8557 11.9164 8.3666 6.3246 6.0000 8.6023 15.3623 35.4683 0 0 0 0 0 0 1 
0.4259 0.0892 0.0577 0.1140 0.2242 0.0000 0.0000 0.0000 0.0000 0.0000 0.0000 0.0000 0.0000 0.0000 0.0047 0.0000 0.0047 0.0000 0.0115 1.0000 233.0236 6.6332 2.0000 2.8284 4.6904 7.2111 1.0000 0.0000 0.0000 0.0000 0.0000 0.0000 0.0000 0.0000 0.0000 1.0000 1.0000 1.0000 10.5830 11.8322 2.6458 3.8730 5.9161 5.2915 50.5074 0 0 0 0 0 0 1 
1.0000 0.3269 0.1128 0.3790 0.1716 0.0063 0.0000 0.0000 0.0000 0.0000 0.0109 0.0000 0.0000 0.0063 0.0000 0.0000 0.0089 0.0063 0.0309 0.6979 200.9652 18.4391 12.3288 5.8310 9.8995 1.0000 0.0000 0.0000 0.0000 0.0000 1.7321 0.0000 1.7321 0.0000 0.0000 1.0000 1.4142 0.0000 0.0000 7.8102 10.9087 3.8730 6.1644 7.6158 57.9655 0 0 0 0 0 0 1 
0.2840 0.1106 0.0204 0.0000 0.0000 0.0000 0.0000 0.0000 0.0000 0.0000 0.0059 0.0059 0.0000 0.0059 0.0000 0.0000 0.0235 0.0242 0.1486 1.0000 171.1374 11.9583 4.3589 2.4495 1.0000 1.0000 1.0000 0.0000 0.0000 0.0000 1.7321 1.0000 0.0000 0.0000 1.0000 0.0000 0.0000 0.0000 0.0000 0.0000 1.0000 1.0000 4.7958 11.1355 51.8073 0 0 0 0 0 0 1 
0.4443 0.1863 0.0270 0.0000 0.0000 0.0000 0.0000 0.0000 0.0000 0.0000 0.0000 0.0000 0.0000 0.0000 0.0000 0.0000 0.0000 0.0000 0.0050 1.0000 216.3123 13.9642 2.8284 0.0000 0.0000 0.0000 0.0000 0.0000 0.0000 0.0000 0.0000 0.0000 0.0000 0.0000 0.0000 0.0000 0.0000 0.0000 0.0000 0.0000 0.0000 1.7321 5.5678 9.6954 45.3982 0 0 0 0 0 0 1 
1.0000 0.2971 0.0364 0.0087 0.0000 0.0061 0.0061 0.0000 0.0151 0.0000 0.0106 0.0000 0.0061 0.0087 0.0087 0.0123 0.0137 0.0000 0.0137 0.2144 166.9431 15.1987 3.3166 2.2361 1.4142 0.0000 0.0000 0.0000 1.4142 1.7321 3.3166 0.0000 2.4495 1.0000 0.0000 1.0000 1.4142 0.0000 0.0000 1.0000 1.4142 1.0000 1.4142 3.1623 44.0681 0 0 0 0 0 0 1 
1.0000 0.4203 0.4046 0.4540 0.0179 0.0000 0.0000 0.0000 0.0000 0.0000 0.0000 0.0000 0.0000 0.0000 0.0000 0.0000 0.0000 0.0000 0.0000 0.1088 193.7782 13.5277 7.8740 14.5945 13.2288 0.0000 0.0000 0.0000 0.0000 0.0000 0.0000 0.0000 0.0000 0.0000 0.0000 0.0000 0.0000 0.0000 0.0000 0.0000 0.0000 0.0000 1.0000 0.0000 26.1343 0 0 0 0 0 0 1 
0.0266 0.0864 1.0000 0.3394 0.0000 0.0000 0.0000 0.0000 0.0000 0.0000 0.0000 0.0000 0.0000 0.0000 0.0000 0.0000 0.0000 0.0000 0.0000 0.0080 131.8711 8.0623 4.1231 1.4142 0.0000 0.0000 0.0000 0.0000 0.0000 0.0000 0.0000 0.0000 0.0000 0.0000 0.0000 0.0000 0.0000 0.0000 0.0000 0.0000 0.0000 0.0000 0.0000 1.0000 1.4142 0 0 1 0 0 0 0 
0.0266 0.0864 1.0000 0.3394 0.0000 0.0000 0.0000 0.0000 0.0000 0.0000 0.0000 0.0000 0.0000 0.0000 0.0000 0.0000 0.0000 0.0000 0.0000 0.0080 131.8711 8.0623 4.1231 1.4142 0.0000 0.0000 0.0000 0.0000 0.0000 0.0000 0.0000 0.0000 0.0000 0.0000 0.0000 0.0000 0.0000 0.0000 0.0000 0.0000 0.0000 0.0000 0.0000 1.0000 1.4142 0 0 1 0 0 0 0 
0.0959 0.1946 1.0000 0.9882 0.0515 0.0000 0.0000 0.0000 0.0000 0.0000 0.0000 0.0000 0.0000 0.0000 0.0000 0.0000 0.0000 0.0000 0.0000 0.0282 150.1266 17.1756 6.9282 3.3166 0.0000 0.0000 0.0000 0.0000 0.0000 0.0000 0.0000 0.0000 0.0000 0.0000 0.0000 0.0000 0.0000 0.0000 0.0000 0.0000 0.0000 0.0000 0.0000 0.0000 4.2426 0 0 1 0 0 0 0 
0.0363 0.0571 1.0000 0.4037 0.1061 0.0506 0.0216 0.0000 0.0088 0.0088 0.0197 0.0197 0.0279 0.0578 0.0432 0.0352 0.0264 0.0233 0.0249 0.0249 122.2170 15.0997 7.4162 6.4031 2.6458 2.8284 2.8284 1.0000 0.0000 2.8284 2.0000 0.0000 1.4142 2.4495 2.2361 2.6458 1.4142 1.4142 2.0000 1.0000 2.0000 3.0000 3.1623 2.8284 2.4495 0 0 1 0 0 0 0 
0.0416 0.5855 1.0000 0.0425 0.0000 0.0000 0.0000 0.0000 0.0000 0.0000 0.0000 0.0000 0.0000 0.0000 0.0000 0.0000 0.0089 0.0000 0.0000 0.0089 130.1038 14.7986 1.7321 0.0000 0.0000 0.0000 0.0000 0.0000 0.0000 0.0000 0.0000 0.0000 0.0000 0.0000 0.0000 0.0000 0.0000 0.0000 1.0000 1.4142 0.0000 0.0000 1.0000 0.0000 1.4142 0 0 1 0 0 0 0 
0.0416 0.5855 1.0000 0.0425 0.0000 0.0000 0.0000 0.0000 0.0000 0.0000 0.0000 0.0000 0.0000 0.0000 0.0000 0.0000 0.0089 0.0000 0.0000 0.0089 130.1038 14.7986 1.7321 0.0000 0.0000 0.0000 0.0000 0.0000 0.0000 0.0000 0.0000 0.0000 0.0000 0.0000 0.0000 0.0000 0.0000 0.0000 1.0000 1.4142 0.0000 0.0000 1.0000 0.0000 1.4142 0 0 0 0 1 0 0 
0.0416 0.5855 1.0000 0.0425 0.0000 0.0000 0.0000 0.0000 0.0000 0.0000 0.0000 0.0000 0.0000 0.0000 0.0000 0.0000 0.0089 0.0000 0.0000 0.0089 130.1038 14.7986 1.7321 0.0000 0.0000 0.0000 0.0000 0.0000 0.0000 0.0000 0.0000 0.0000 0.0000 0.0000 0.0000 0.0000 0.0000 0.0000 1.0000 1.4142 0.0000 0.0000 1.0000 0.0000 1.4142 0 0 0 0 1 0 0 
0.0358 0.1218 1.0000 0.1942 0.0246 0.0164 0.0082 0.0000 0.0082 0.0164 0.0307 0.0260 0.0285 0.0082 0.0246 0.0142 0.0116 0.0000 0.0082 0.0116 124.0846 11.1803 5.5678 3.1623 2.6458 1.0000 1.0000 1.7321 2.6458 3.8730 3.1623 4.4721 5.0990 1.7321 3.0000 3.3166 3.0000 1.0000 1.0000 1.0000 1.4142 0.0000 0.0000 1.0000 2.0000 0 0 1 0 0 0 0 
0.0358 0.1218 1.0000 0.1942 0.0246 0.0164 0.0082 0.0000 0.0082 0.0164 0.0307 0.0260 0.0285 0.0082 0.0246 0.0142 0.0116 0.0000 0.0082 0.0116 124.0846 11.1803 5.5678 3.1623 2.6458 1.0000 1.0000 1.7321 2.6458 3.8730 3.1623 4.4721 5.0990 1.7321 3.0000 3.3166 3.0000 1.0000 1.0000 1.0000 1.4142 0.0000 0.0000 1.0000 2.0000 0 0 0 0 1 0 0 
