151.6641 13.6748 5.3852 3.6056 1.0000 0.0000 0.0000 0.0000 0.0000 0.0000 0.0000 0.0000 0.0000 0.0000 0.0000 0.0000 0.0000 0.0000 0.0000 1.0000 1.0000 1.0000 1.0000 2.8284 2.4495 0 0 1 0 0 0 0 
149.2247 13.5277 2.0000 0.0000 0.0000 0.0000 0.0000 0.0000 0.0000 0.0000 0.0000 0.0000 0.0000 0.0000 0.0000 0.0000 0.0000 0.0000 0.0000 0.0000 0.0000 0.0000 0.0000 0.0000 1.7321 0 0 1 0 0 0 0 
175.4166 83.7795 46.6476 30.0333 21.7256 15.5563 13.2288 11.0454 8.9443 9.5394 6.9282 6.7082 5.8310 6.0828 5.4772 5.3852 3.1623 2.6458 2.6458 2.0000 1.7321 1.7321 1.4142 1.4142 1.0000 0 0 0 1 0 0 0 
164.5813 144.8551 73.3553 41.7133 29.4109 22.7596 17.4642 15.0000 11.5758 10.6771 8.3666 7.0711 6.0000 6.0000 6.1644 6.7082 5.5678 5.5678 5.2915 5.6569 5.5678 4.1231 3.0000 2.2361 2.4495 0 0 0 1 0 0 0 
164.5813 144.8551 73.3553 41.7133 29.4109 22.7596 17.4642 15.0000 11.5758 10.6771 8.3666 7.0711 6.0000 6.0000 6.1644 6.7082 5.5678 5.5678 5.2915 5.6569 5.5678 4.1231 3.0000 2.2361 2.4495 0 0 0 1 0 0 0 
147.5771 112.5167 72.9932 48.4355 34.5832 25.6125 19.8242 16.9706 12.0830 11.2694 9.2736 7.3485 6.3246 4.1231 3.7417 3.7417 2.8284 2.0000 1.4142 2.0000 1.0000 1.7321 0.0000 0.0000 1.4142 0 0 0 1 0 0 0 
121.5854 113.0796 76.2299 48.6929 31.2890 19.3649 12.0000 9.4340 7.8102 6.6332 6.3246 7.0711 7.8102 7.0711 7.1414 6.2450 5.0000 2.4495 2.2361 3.0000 2.0000 1.4142 2.0000 1.0000 1.4142 0 0 0 1 0 0 0 
124.8279 104.1585 62.1450 33.5708 20.5183 13.0767 10.0000 8.5440 8.3666 8.2462 8.0000 6.4031 4.0000 3.7417 3.0000 1.7321 2.2361 2.2361 0.0000 0.0000 1.4142 1.0000 1.4142 0.0000 1.0000 0 0 0 1 0 0 0 
193.6466 36.3456 16.0624 11.7047 9.6437 13.0767 9.2195 6.0000 5.7446 4.2426 5.5678 4.3589 5.8310 6.8557 6.3246 5.1962 4.0000 3.8730 2.0000 3.6056 4.0000 3.4641 2.6458 1.7321 1.4142 0 0 0 1 0 0 0 
192.1015 51.3907 31.6386 22.2935 16.5831 11.2250 8.8318 7.4162 7.8102 9.1652 8.3666 7.3485 6.9282 6.4807 4.5826 4.2426 3.0000 3.4641 4.5826 2.8284 1.7321 2.0000 2.2361 1.4142 1.4142 0 0 0 1 0 0 0 
176.5248 37.6696 16.9115 12.2474 7.2111 5.5678 4.8990 3.8730 2.8284 2.2361 2.8284 2.6458 2.4495 2.0000 1.7321 1.4142 0.0000 2.0000 1.4142 1.4142 1.0000 0.0000 0.0000 0.0000 1.4142 0 0 0 1 0 0 0 
144.3641 87.8408 41.9881 21.5174 14.5945 10.3441 7.8740 5.8310 4.6904 3.0000 3.3166 3.3166 4.4721 4.3589 4.0000 5.9161 6.7082 5.0990 4.5826 3.1623 3.1623 3.7417 2.4495 1.0000 2.2361 0 0 0 1 0 0 0 
202.6573 36.8375 17.9722 11.1803 8.1854 9.4868 7.6811 7.2111 8.0000 6.5574 6.4807 2.4495 3.1623 5.8310 6.1644 6.2450 3.7417 4.2426 3.1623 2.2361 2.8284 1.4142 0.0000 0.0000 1.4142 0 0 0 1 0 0 0 
183.0219 14.5258 12.1655 6.3246 6.4807 5.1962 4.0000 6.2450 3.7417 5.4772 4.4721 4.2426 2.2361 0.0000 1.4142 1.4142 1.7321 0.0000 2.2361 1.0000 0.0000 2.0000 5.8310 6.1644 19.1050 0 0 0 1 0 0 0 
200.6564 37.4700 16.4317 10.2956 7.0711 6.4807 3.1623 2.2361 1.7321 1.0000 0.0000 0.0000 0.0000 0.0000 0.0000 0.0000 0.0000 0.0000 0.0000 0.0000 0.0000 0.0000 0.0000 1.4142 2.0000 0 0 0 1 0 0 0 
181.0552 76.7203 42.2374 25.8844 16.6733 12.7279 9.9499 8.4853 8.0623 6.7082 7.3485 7.1414 5.3852 6.0000 5.5678 4.0000 4.6904 4.2426 3.0000 3.0000 2.6458 6.4807 5.7446 2.6458 1.4142 0 0 0 1 0 0 0 
219.7157 33.4664 20.5670 16.0000 10.0000 8.3666 8.7178 7.3485 7.2801 8.1854 3.8730 6.0000 5.5678 7.8102 7.4162 6.0000 8.0000 8.0623 8.3666 8.1240 5.9161 4.7958 3.1623 3.1623 2.4495 0 0 0 1 0 0 0 
140.5738 11.1803 6.8557 7.1414 3.6056 2.0000 2.0000 2.4495 4.1231 3.7417 3.6056 3.7417 4.4721 5.0990 5.8310 8.6023 7.7460 7.4833 6.1644 5.0990 5.5678 4.2426 3.8730 4.1231 2.4495 0 0 1 0 0 0 0 
195.2204 33.1964 13.9284 6.7823 5.0990 7.4833 2.6458 0.0000 0.0000 0.0000 0.0000 0.0000 5.2915 9.0554 10.3441 4.6904 6.7823 6.1644 2.8284 6.7082 13.3791 0.0000 1.4142 12.7671 53.0094 0 0 0 0 0 0 1 
145.2377 16.7033 9.7468 4.6904 7.4833 1.4142 0.0000 0.0000 0.0000 0.0000 0.0000 0.0000 0.0000 0.0000 0.0000 0.0000 0.0000 0.0000 0.0000 4.5826 9.1652 4.5826 1.7321 2.4495 47.7807 0 0 0 0 0 0 1 
202.5068 21.7715 9.7468 3.3166 0.0000 0.0000 0.0000 0.0000 0.0000 0.0000 0.0000 0.0000 0.0000 0.0000 0.0000 0.0000 0.0000 0.0000 0.0000 8.1854 9.1104 8.8882 5.9161 7.2111 56.4535 0 0 0 0 0 0 1 
137.7824 16.1864 8.1240 3.8730 9.2195 12.2066 4.0000 0.0000 0.0000 0.0000 0.0000 0.0000 0.0000 0.0000 0.0000 0.0000 0.0000 0.0000 1.4142 1.4142 1.7321 1.4142 3.0000 4.5826 85.6680 0 0 0 0 0 0 1 
238.9644 12.2882 2.8284 1.0000 0.0000 0.0000 0.0000 0.0000 0.0000 0.0000 0.0000 0.0000 0.0000 0.0000 0.0000 0.0000 0.0000 0.0000 0.0000 0.0000 0.0000 0.0000 1.0000 3.3166 77.7303 0 0 0 0 0 0 1 
199.2059 21.0476 9.4340 6.9282 3.6056 1.0000 1.4142 0.0000 0.0000 0.0000 0.0000 0.0000 0.0000 0.0000 0.0000 0.0000 0.0000 0.0000 0.0000 1.0000 3.3166 3.7417 6.5574 16.6733 48.9490 0 0 0 0 0 0 1 
186.2284 35.5246 13.5647 7.6158 7.0000 8.8882 6.7082 3.6056 2.2361 1.4142 2.0000 1.7321 0.0000 2.6458 4.0000 8.7750 8.0000 6.8557 11.9164 8.3666 6.3246 6.0000 8.6023 15.3623 35.4683 0 0 0 0 0 0 1 
186.2284 35.5246 13.5647 7.6158 7.0000 8.8882 6.7082 3.6056 2.2361 1.4142 2.0000 1.7321 0.0000 2.6458 4.0000 8.7750 8.0000 6.8557 11.9164 8.3666 6.3246 6.0000 8.6023 15.3623 35.4683 0 0 0 0 0 0 1 
186.2284 35.5246 13.5647 7.6158 7.0000 8.8882 6.7082 3.6056 2.2361 1.4142 2.0000 1.7321 0.0000 2.6458 4.0000 8.7750 8.0000 6.8557 11.9164 8.3666 6.3246 6.0000 8.6023 15.3623 35.4683 0 0 0 0 0 0 1 
233.0236 6.6332 2.0000 2.8284 4.6904 7.2111 1.0000 0.0000 0.0000 0.0000 0.0000 0.0000 0.0000 0.0000 0.0000 1.0000 1.0000 1.0000 10.5830 11.8322 2.6458 3.8730 5.9161 5.2915 50.5074 0 0 0 0 0 0 1 
200.9652 18.4391 12.3288 5.8310 9.8995 1.0000 0.0000 0.0000 0.0000 0.0000 1.7321 0.0000 1.7321 0.0000 0.0000 1.0000 1.4142 0.0000 0.0000 7.8102 10.9087 3.8730 6.1644 7.6158 57.9655 0 0 0 0 0 0 1 
171.1374 11.9583 4.3589 2.4495 1.0000 1.0000 1.0000 0.0000 0.0000 0.0000 1.7321 1.0000 0.0000 0.0000 1.0000 0.0000 0.0000 0.0000 0.0000 0.0000 1.0000 1.0000 4.7958 11.1355 51.8073 0 0 0 0 0 0 1 
216.3123 13.9642 2.8284 0.0000 0.0000 0.0000 0.0000 0.0000 0.0000 0.0000 0.0000 0.0000 0.0000 0.0000 0.0000 0.0000 0.0000 0.0000 0.0000 0.0000 0.0000 1.7321 5.5678 9.6954 45.3982 0 0 0 0 0 0 1 
166.9431 15.1987 3.3166 2.2361 1.4142 0.0000 0.0000 0.0000 1.4142 1.7321 3.3166 0.0000 2.4495 1.0000 0.0000 1.0000 1.4142 0.0000 0.0000 1.0000 1.4142 1.0000 1.4142 3.1623 44.0681 0 0 0 0 0 0 1 
193.7782 13.5277 7.8740 14.5945 13.2288 0.0000 0.0000 0.0000 0.0000 0.0000 0.0000 0.0000 0.0000 0.0000 0.0000 0.0000 0.0000 0.0000 0.0000 0.0000 0.0000 0.0000 1.0000 0.0000 26.1343 0 0 0 0 0 0 1 
131.8711 8.0623 4.1231 1.4142 0.0000 0.0000 0.0000 0.0000 0.0000 0.0000 0.0000 0.0000 0.0000 0.0000 0.0000 0.0000 0.0000 0.0000 0.0000 0.0000 0.0000 0.0000 0.0000 1.0000 1.4142 0 0 1 0 0 0 0 
131.8711 8.0623 4.1231 1.4142 0.0000 0.0000 0.0000 0.0000 0.0000 0.0000 0.0000 0.0000 0.0000 0.0000 0.0000 0.0000 0.0000 0.0000 0.0000 0.0000 0.0000 0.0000 0.0000 1.0000 1.4142 0 0 1 0 0 0 0 
150.1266 17.1756 6.9282 3.3166 0.0000 0.0000 0.0000 0.0000 0.0000 0.0000 0.0000 0.0000 0.0000 0.0000 0.0000 0.0000 0.0000 0.0000 0.0000 0.0000 0.0000 0.0000 0.0000 0.0000 4.2426 0 0 1 0 0 0 0 
122.2170 15.0997 7.4162 6.4031 2.6458 2.8284 2.8284 1.0000 0.0000 2.8284 2.0000 0.0000 1.4142 2.4495 2.2361 2.6458 1.4142 1.4142 2.0000 1.0000 2.0000 3.0000 3.1623 2.8284 2.4495 0 0 1 0 0 0 0 
130.1038 14.7986 1.7321 0.0000 0.0000 0.0000 0.0000 0.0000 0.0000 0.0000 0.0000 0.0000 0.0000 0.0000 0.0000 0.0000 0.0000 0.0000 1.0000 1.4142 0.0000 0.0000 1.0000 0.0000 1.4142 0 0 1 0 0 0 0 
130.1038 14.7986 1.7321 0.0000 0.0000 0.0000 0.0000 0.0000 0.0000 0.0000 0.0000 0.0000 0.0000 0.0000 0.0000 0.0000 0.0000 0.0000 1.0000 1.4142 0.0000 0.0000 1.0000 0.0000 1.4142 0 0 0 0 1 0 0 
130.1038 14.7986 1.7321 0.0000 0.0000 0.0000 0.0000 0.0000 0.0000 0.0000 0.0000 0.0000 0.0000 0.0000 0.0000 0.0000 0.0000 0.0000 1.0000 1.4142 0.0000 0.0000 1.0000 0.0000 1.4142 0 0 0 0 1 0 0 
124.0846 11.1803 5.5678 3.1623 2.6458 1.0000 1.0000 1.7321 2.6458 3.8730 3.1623 4.4721 5.0990 1.7321 3.0000 3.3166 3.0000 1.0000 1.0000 1.0000 1.4142 0.0000 0.0000 1.0000 2.0000 0 0 1 0 0 0 0 
124.0846 11.1803 5.5678 3.1623 2.6458 1.0000 1.0000 1.7321 2.6458 3.8730 3.1623 4.4721 5.0990 1.7321 3.0000 3.3166 3.0000 1.0000 1.0000 1.0000 1.4142 0.0000 0.0000 1.0000 2.0000 0 0 0 0 1 0 0 
